
                     mean       std    median      5.0%     95.0%     n_eff     r_hat
     L_sigma[0]      0.03      0.00      0.03      0.03      0.03     85.61      1.01
     L_sigma[1]      0.02      0.00      0.02      0.01      0.02    222.38      1.01
     L_sigma[2]      0.02      0.00      0.02      0.02      0.02    199.84      1.00
Sigma_diag[0,0]     -1.44      0.52     -1.38     -2.33     -0.63    112.48      1.00
Sigma_diag[0,1]     -0.20      0.16     -0.16     -0.42      0.01     13.04      1.11
Sigma_diag[0,2]     -1.42      0.65     -1.34     -2.35     -0.37     94.98      1.00
Sigma_diag[0,3]     -0.92      0.39     -0.87     -1.53     -0.30     79.61      1.00
Sigma_diag[0,4]     -0.65      0.27     -0.63     -1.08     -0.24     87.57      1.00
Sigma_diag[0,5]      1.50      0.59      1.46      0.53      2.43     95.32      1.01
Sigma_diag[0,6]      1.73      0.62      1.68      0.79      2.75    124.92      1.00
Sigma_diag[0,7]     -0.23      0.12     -0.20     -0.39     -0.05     29.79      1.03
Sigma_diag[0,8]     -1.46      0.62     -1.39     -2.42     -0.44     46.79      1.09
Sigma_diag[0,9]      0.83      0.37      0.77      0.27      1.45     94.15      1.00
Sigma_diag[1,0]     -0.76      0.29     -0.72     -1.23     -0.31    101.74      1.00
Sigma_diag[1,1]     -0.54      0.24     -0.51     -0.94     -0.17     88.36      1.02
Sigma_diag[1,2]     -0.34      0.16     -0.32     -0.58     -0.10     89.19      1.01
Sigma_diag[1,3]     -0.86      0.38     -0.79     -1.45     -0.23     66.77      1.02
Sigma_diag[1,4]     -1.06      0.41     -1.02     -1.75     -0.41     92.35      1.00
Sigma_diag[1,5]      0.48      0.20      0.47      0.15      0.79     66.64      1.00
Sigma_diag[1,6]      0.35      0.13      0.34      0.15      0.55    110.55      1.00
Sigma_diag[1,7]     -0.73      0.30     -0.69     -1.16     -0.23     42.50      1.01
Sigma_diag[1,8]     -0.65      0.28     -0.60     -1.06     -0.19     51.78      1.07
Sigma_diag[1,9]      0.82      0.37      0.77      0.26      1.41     88.44      1.01
Sigma_diag[2,0]      0.26      0.11      0.25      0.09      0.46     84.44      1.01
Sigma_diag[2,1]      1.42      0.62      1.35      0.49      2.43    103.49      1.00
Sigma_diag[2,2]      0.08      0.06      0.07      0.00      0.17     87.95      1.00
Sigma_diag[2,3]      0.72      0.31      0.69      0.24      1.27     77.44      1.01
Sigma_diag[2,4]      1.08      0.43      1.02      0.40      1.77     90.97      1.01
Sigma_diag[2,5]     -0.01      0.06      0.00     -0.08      0.09     15.09      1.01
Sigma_diag[2,6]     -0.02      0.02     -0.02     -0.05      0.01     67.23      1.02
Sigma_diag[2,7]      1.50      0.58      1.43      0.56      2.39     60.17      1.00
Sigma_diag[2,8]      0.23      0.10      0.21      0.06      0.38     49.65      1.09
Sigma_diag[2,9]     -0.65      0.29     -0.61     -1.11     -0.20     77.23      1.00
  Y_1_post[0,0]     -0.04      0.04     -0.04     -0.11      0.03    102.89      1.02
  Y_1_post[0,1]     -0.01      0.02     -0.01     -0.05      0.02    112.96      1.02
  Y_1_post[0,2]      0.01      0.02      0.01     -0.02      0.05    253.38      1.00
  Y_1_post[1,0]      0.12      0.05      0.11      0.04      0.20     59.95      1.01
  Y_1_post[1,1]      0.05      0.02      0.05      0.01      0.08     65.51      1.02
  Y_1_post[1,2]     -0.01      0.02     -0.01     -0.05      0.02    270.73      1.00
  Y_1_post[2,0]      0.24      0.05      0.24      0.16      0.31     45.35      1.01
  Y_1_post[2,1]      0.09      0.02      0.09      0.05      0.13     81.55      1.03
  Y_1_post[2,2]     -0.03      0.02     -0.03     -0.06      0.01    192.04      1.00
  Y_1_post[3,0]      0.31      0.04      0.31      0.25      0.38     49.45      1.01
  Y_1_post[3,1]      0.11      0.02      0.11      0.09      0.15     73.29      1.01
  Y_1_post[3,2]     -0.03      0.02     -0.03     -0.06      0.01    218.53      1.01
  Y_1_post[4,0]      0.49      0.04      0.49      0.42      0.55     39.73      1.00
  Y_1_post[4,1]      0.18      0.02      0.18      0.15      0.21    131.91      1.00
  Y_1_post[4,2]     -0.04      0.02     -0.05     -0.08     -0.02    266.74      1.00
  Y_1_post[5,0]      0.66      0.05      0.66      0.58      0.74     24.52      1.01
  Y_1_post[5,1]      0.23      0.02      0.23      0.19      0.26     53.40      1.01
  Y_1_post[5,2]     -0.05      0.02     -0.05     -0.09     -0.02    234.03      1.00
  Y_1_post[6,0]      0.82      0.06      0.82      0.74      0.92     20.21      1.02
  Y_1_post[6,1]      0.28      0.02      0.28      0.24      0.31     35.47      1.02
  Y_1_post[6,2]     -0.07      0.02     -0.07     -0.10     -0.04    253.80      1.00
  Y_1_post[7,0]      1.02      0.07      1.01      0.90      1.12     17.26      1.03
  Y_1_post[7,1]      0.34      0.02      0.34      0.30      0.38     32.27      1.01
  Y_1_post[7,2]     -0.08      0.02     -0.08     -0.12     -0.05    226.19      1.00
  Y_1_post[8,0]      1.17      0.07      1.16      1.07      1.29     15.57      1.03
  Y_1_post[8,1]      0.39      0.02      0.39      0.35      0.43     30.52      1.01
  Y_1_post[8,2]     -0.10      0.02     -0.10     -0.13     -0.07    195.36      1.00
  Y_1_post[9,0]      1.36      0.09      1.35      1.23      1.52     15.22      1.04
  Y_1_post[9,1]      0.43      0.03      0.43      0.39      0.49     23.97      1.05
  Y_1_post[9,2]     -0.10      0.02     -0.10     -0.13     -0.06    266.68      1.00
 Y_1_post[10,0]      1.71      0.13      1.70      1.50      1.93     16.61      1.03
 Y_1_post[10,1]      0.53      0.03      0.53      0.48      0.59     20.36      1.02
 Y_1_post[10,2]     -0.12      0.02     -0.12     -0.16     -0.09    204.09      1.00
 Y_1_post[11,0]      1.90      0.14      1.89      1.66      2.12     16.97      1.03
 Y_1_post[11,1]      0.58      0.04      0.57      0.52      0.63     20.00      1.03
 Y_1_post[11,2]     -0.13      0.02     -0.13     -0.16     -0.09    289.85      1.00
 Y_1_post[12,0]      2.08      0.14      2.08      1.86      2.32     18.30      1.02
 Y_1_post[12,1]      0.62      0.04      0.62      0.57      0.68     22.67      1.03
 Y_1_post[12,2]     -0.14      0.02     -0.14     -0.18     -0.10    189.22      1.01
 Y_1_post[13,0]      2.17      0.15      2.17      1.95      2.42     24.50      1.01
 Y_1_post[13,1]      0.64      0.04      0.64      0.59      0.71     26.16      1.02
 Y_1_post[13,2]     -0.14      0.02     -0.14     -0.18     -0.11    166.80      1.00
  beta_off[0,0]     -0.37      0.59     -0.37     -1.39      0.58     66.66      1.03
  beta_off[0,1]     -1.34      0.45     -1.33     -2.06     -0.57    120.62      1.01
  beta_off[0,2]     -1.23      0.39     -1.20     -1.84     -0.56    100.93      1.01
  beta_off[0,3]      1.03      0.58      0.98      0.12      1.96     67.82      1.01
  beta_off[0,4]      0.84      0.62      0.84     -0.05      1.85     51.00      1.04
  beta_off[0,5]     -1.67      0.65     -1.67     -2.58     -0.77     43.50      1.03
  beta_off[0,6]      0.03      0.92      0.06     -1.52      1.49    133.94      1.00
  beta_off[0,7]      0.54      0.47      0.51     -0.23      1.26     87.34      1.01
  beta_off[0,8]     -0.97      0.51     -0.90     -1.82     -0.22     56.10      1.02
  beta_off[0,9]      0.19      0.33      0.14     -0.32      0.70     51.97      1.03
 beta_off[0,10]      0.15      0.25      0.11     -0.23      0.56     71.09      1.01
 beta_off[0,11]      0.58      0.39      0.58      0.14      1.25     27.70      1.02
 beta_off[0,12]     -0.02      0.17     -0.01     -0.32      0.26     73.73      1.02
 beta_off[0,13]      0.17      0.37      0.21     -0.42      0.69     32.88      1.08
 beta_off[0,14]     -0.29      0.43     -0.20     -0.85      0.30     30.24      1.06
 beta_off[0,15]     -1.78      0.48     -1.75     -2.51     -0.96    138.73      1.00
 beta_off[0,16]     -0.66      0.39     -0.67     -1.31     -0.17     42.49      1.03
  beta_off[1,0]     -0.16      0.88      0.01     -1.84      1.01      8.67      1.16
  beta_off[1,1]      0.84      0.48      0.87     -0.00      1.58     19.93      1.02
  beta_off[1,2]      0.29      0.56      0.42     -0.69      1.13      7.89      1.15
  beta_off[1,3]     -0.34      0.80     -0.23     -1.64      0.95      9.25      1.17
  beta_off[1,4]     -0.61      0.56     -0.54     -1.54      0.28     53.74      1.01
  beta_off[1,5]      0.21      0.35      0.15     -0.36      0.71     25.83      1.03
  beta_off[1,6]      0.10      0.91      0.13     -1.36      1.52     51.13      1.06
  beta_off[1,7]     -0.44      0.57     -0.47     -1.26      0.61     24.67      1.04
  beta_off[1,8]      1.54      0.54      1.51      0.66      2.35     79.87      1.00
  beta_off[1,9]     -0.09      0.21     -0.05     -0.45      0.22     10.91      1.13
 beta_off[1,10]     -0.18      0.33     -0.11     -0.74      0.30      8.54      1.16
 beta_off[1,11]     -0.21      1.04     -0.50     -1.64      1.55      7.50      1.17
 beta_off[1,12]     -2.02      0.73     -2.07     -3.15     -0.71     13.52      1.09
 beta_off[1,13]     -0.04      0.48     -0.14     -0.74      0.78      8.67      1.14
 beta_off[1,14]     -0.66      0.57     -0.76     -1.43      0.42      9.55      1.08
 beta_off[1,15]      1.28      0.47      1.24      0.51      2.04     20.88      1.03
 beta_off[1,16]     -0.27      0.47     -0.15     -0.95      0.43      8.30      1.18
  beta_off[2,0]      0.18      0.81      0.15     -1.25      1.41    128.06      1.00
  beta_off[2,1]     -0.07      0.43     -0.09     -0.70      0.64     23.78      1.08
  beta_off[2,2]     -1.15      0.51     -1.16     -2.12     -0.43     24.55      1.10
  beta_off[2,3]      0.13      0.59      0.14     -0.86      1.05     82.50      1.04
  beta_off[2,4]     -1.61      0.60     -1.57     -2.58     -0.65    157.61      1.01
  beta_off[2,5]      0.92      0.50      0.87      0.20      1.82     50.81      1.01
  beta_off[2,6]      0.28      0.92      0.30     -1.28      1.64     76.00      1.00
  beta_off[2,7]      0.75      0.55      0.74     -0.10      1.69    107.85      1.00
  beta_off[2,8]     -0.09      0.55     -0.12     -1.07      0.71     35.56      1.04
  beta_off[2,9]      0.63      0.67      0.63     -0.50      1.65     31.91      1.01
 beta_off[2,10]     -0.29      0.39     -0.28     -0.88      0.39     28.73      1.04
 beta_off[2,11]     -0.12      0.45     -0.12     -0.97      0.53     32.22      1.02
 beta_off[2,12]     -1.06      0.33     -1.03     -1.64     -0.58     32.31      1.00
 beta_off[2,13]      1.23      0.53      1.18      0.40      2.05     99.25      1.02
 beta_off[2,14]     -1.14      0.57     -1.15     -2.15     -0.27     16.00      1.21
 beta_off[2,15]     -0.90      0.46     -0.90     -1.65     -0.15     27.45      1.05
 beta_off[2,16]     -0.35      0.28     -0.32     -0.77      0.09    103.70      1.04
  beta_off[3,0]      0.52      0.76      0.51     -0.82      1.73     17.57      1.11
  beta_off[3,1]      0.24      0.61      0.22     -0.80      1.21     90.18      1.00
  beta_off[3,2]     -0.06      0.61     -0.01     -1.10      0.91      7.30      1.26
  beta_off[3,3]     -0.20      0.82     -0.16     -1.55      1.07     13.77      1.16
  beta_off[3,4]     -0.69      0.71     -0.64     -1.83      0.44     77.64      1.01
  beta_off[3,5]     -0.09      0.59     -0.10     -1.03      0.87     65.36      1.00
  beta_off[3,6]     -0.29      0.92     -0.30     -1.71      1.23    142.26      1.01
  beta_off[3,7]      0.90      0.71      0.91     -0.21      2.15     41.50      1.01
  beta_off[3,8]     -0.18      0.53     -0.15     -1.13      0.62     71.62      1.00
  beta_off[3,9]     -0.19      0.82     -0.41     -1.38      1.15      4.88      1.41
 beta_off[3,10]      0.55      1.77      1.16     -2.41      2.87      4.27      1.42
 beta_off[3,11]      0.40      0.49      0.42     -0.44      1.17     19.89      1.11
 beta_off[3,12]      0.11      0.56      0.10     -0.79      1.05      7.52      1.20
 beta_off[3,13]      0.46      0.72      0.58     -0.71      1.55      6.25      1.23
 beta_off[3,14]     -0.86      0.66     -0.90     -1.87      0.22      6.45      1.27
 beta_off[3,15]     -0.24      0.52     -0.27     -1.18      0.53     35.84      1.03
 beta_off[3,16]     -1.46      0.71     -1.46     -2.54     -0.21     28.48      1.00
  beta_off[4,0]      1.12      0.45      1.06      0.41      1.79     37.48      1.01
  beta_off[4,1]      1.84      0.48      1.81      1.10      2.63     97.10      1.01
  beta_off[4,2]      1.17      0.30      1.15      0.67      1.64     74.31      1.01
  beta_off[4,3]     -1.30      0.49     -1.25     -2.16     -0.61     76.96      1.00
  beta_off[4,4]     -1.14      0.45     -1.09     -1.91     -0.46     51.30      1.01
  beta_off[4,5]      1.24      0.42      1.19      0.59      1.94     69.67      1.01
  beta_off[4,6]      0.07      0.85      0.07     -1.37      1.41     92.66      1.01
  beta_off[4,7]     -0.42      0.31     -0.42     -0.93      0.09     55.91      1.05
  beta_off[4,8]     -0.30      0.24     -0.26     -0.64      0.05     61.03      1.01
  beta_off[4,9]      0.33      0.15      0.33      0.07      0.56     13.55      1.20
 beta_off[4,10]      0.35      0.17      0.32      0.10      0.58     49.54      1.01
 beta_off[4,11]     -1.01      0.33     -0.97     -1.55     -0.52     38.00      1.10
 beta_off[4,12]     -0.92      0.29     -0.87     -1.42     -0.51     62.73      1.01
 beta_off[4,13]     -0.81      0.28     -0.78     -1.20     -0.34     39.70      1.08
 beta_off[4,14]     -0.54      0.20     -0.49     -0.86     -0.26     36.41      1.13
 beta_off[4,15]      0.84      0.29      0.80      0.42      1.31     41.00      1.00
 beta_off[4,16]      0.60      0.22      0.57      0.21      0.89     46.21      1.01
  beta_off[5,0]      0.15      0.61      0.11     -0.91      1.09     58.37      1.00
  beta_off[5,1]      0.36      0.39      0.34     -0.22      1.00     43.71      1.00
  beta_off[5,2]      0.23      0.30      0.20     -0.25      0.74     28.37      1.01
  beta_off[5,3]      1.13      0.56      1.07      0.22      1.97     77.81      1.01
  beta_off[5,4]      0.14      0.64      0.13     -0.90      1.19     14.12      1.01
  beta_off[5,5]     -0.08      0.44     -0.08     -0.67      0.70     26.00      1.00
  beta_off[5,6]     -0.70      0.95     -0.75     -2.16      0.84    113.66      1.00
  beta_off[5,7]      1.12      0.50      1.07      0.37      2.00     91.48      1.03
  beta_off[5,8]      0.36      0.37      0.32     -0.24      0.95     26.85      1.02
  beta_off[5,9]      0.82      0.40      0.80      0.28      1.62     26.95      1.03
 beta_off[5,10]     -1.04      0.38     -1.01     -1.67     -0.46     71.05      1.01
 beta_off[5,11]      1.58      0.55      1.53      0.70      2.40     58.75      1.00
 beta_off[5,12]     -0.96      0.35     -0.90     -1.54     -0.41     39.62      1.00
 beta_off[5,13]      1.63      0.43      1.58      1.00      2.39    130.81      1.01
 beta_off[5,14]      0.63      0.38      0.60     -0.02      1.22     15.91      1.00
 beta_off[5,15]     -0.58      0.38     -0.54     -1.18      0.03     26.70      1.00
 beta_off[5,16]     -1.09      0.34     -1.07     -1.59     -0.48    118.85      1.00
  beta_off[6,0]      0.34      0.83      0.36     -1.04      1.58     27.37      1.01
  beta_off[6,1]     -0.14      0.19     -0.14     -0.45      0.20     46.10      1.01
  beta_off[6,2]      0.93      0.33      0.86      0.45      1.47     39.91      1.05
  beta_off[6,3]      0.15      0.35      0.13     -0.32      0.73     54.47      1.00
  beta_off[6,4]      0.06      0.31      0.04     -0.45      0.58     58.20      1.00
  beta_off[6,5]      0.48      0.26      0.44      0.05      0.88     85.80      1.01
  beta_off[6,6]     -0.20      0.81     -0.21     -1.53      1.14    149.72      1.00
  beta_off[6,7]     -1.03      0.46     -0.95     -1.75     -0.31     86.23      1.01
  beta_off[6,8]      1.35      0.46      1.29      0.65      2.06     40.28      1.11
  beta_off[6,9]      2.13      0.57      2.11      1.11      2.91     71.82      1.02
 beta_off[6,10]     -1.21      0.38     -1.17     -1.78     -0.63     72.23      1.01
 beta_off[6,11]     -0.18      0.13     -0.17     -0.38      0.03     80.27      1.05
 beta_off[6,12]     -0.05      0.10     -0.05     -0.23      0.11     41.25      1.00
 beta_off[6,13]      1.18      0.36      1.16      0.55      1.71     76.73      1.02
 beta_off[6,14]      1.38      0.39      1.34      0.74      2.01     61.41      1.00
 beta_off[6,15]      0.37      0.23      0.34      0.01      0.72     31.69      1.02
 beta_off[6,16]     -0.53      0.20     -0.50     -0.85     -0.23     78.30      1.04
  beta_off[7,0]      1.58      0.55      1.53      0.66      2.40     41.31      1.05
  beta_off[7,1]      1.19      0.41      1.12      0.55      1.80     50.36      1.04
  beta_off[7,2]      1.14      0.36      1.10      0.48      1.67     37.43      1.05
  beta_off[7,3]      0.71      0.43      0.68     -0.00      1.36     51.09      1.00
  beta_off[7,4]      0.07      0.35      0.09     -0.51      0.60     38.56      1.00
  beta_off[7,5]      0.23      0.25      0.20     -0.16      0.65     22.87      1.05
  beta_off[7,6]     -0.53      0.83     -0.56     -1.89      0.80     72.31      1.00
  beta_off[7,7]     -0.63      0.32     -0.60     -1.14     -0.13     39.63      1.00
  beta_off[7,8]      0.02      0.32     -0.01     -0.49      0.55      8.12      1.23
  beta_off[7,9]      0.33      0.16      0.30      0.11      0.55     28.46      1.00
 beta_off[7,10]      0.49      0.19      0.46      0.20      0.77     37.09      1.01
 beta_off[7,11]     -1.72      0.49     -1.68     -2.51     -0.98     58.96      1.03
 beta_off[7,12]     -1.40      0.49     -1.31     -2.16     -0.64     33.96      1.00
 beta_off[7,13]     -0.82      0.28     -0.78     -1.29     -0.36     39.60      1.04
 beta_off[7,14]     -0.98      0.33     -0.94     -1.47     -0.44     40.07      1.01
 beta_off[7,15]      0.41      0.21      0.39      0.08      0.73     33.28      1.01
 beta_off[7,16]      0.70      0.27      0.66      0.28      1.11     28.88      1.08
  beta_off[8,0]     -0.25      0.62     -0.22     -1.24      0.74    102.21      1.00
  beta_off[8,1]     -0.65      0.53     -0.63     -1.52      0.22     68.99      1.00
  beta_off[8,2]      0.37      0.51      0.36     -0.47      1.18     38.83      1.04
  beta_off[8,3]     -0.52      0.60     -0.49     -1.45      0.41     94.73      1.00
  beta_off[8,4]      0.76      0.58      0.74     -0.09      1.79    146.93      1.00
  beta_off[8,5]     -0.97      0.74     -0.99     -2.12      0.40     39.16      1.00
  beta_off[8,6]      0.01      0.97      0.00     -1.59      1.67    131.77      1.00
  beta_off[8,7]     -0.53      0.55     -0.47     -1.45      0.33     30.60      1.02
  beta_off[8,8]      1.39      0.60      1.35      0.38      2.34     68.88      1.00
  beta_off[8,9]     -1.39      0.49     -1.34     -2.08     -0.54     83.37      1.07
 beta_off[8,10]      0.13      0.31      0.12     -0.40      0.61     57.63      1.00
 beta_off[8,11]     -0.08      0.48     -0.05     -0.88      0.68     15.44      1.02
 beta_off[8,12]      0.40      0.38      0.32     -0.08      0.93     16.87      1.00
 beta_off[8,13]      1.23      0.52      1.20      0.47      2.13     48.68      1.00
 beta_off[8,14]      1.40      0.48      1.38      0.57      2.15     49.84      1.08
 beta_off[8,15]     -0.44      0.67     -0.42     -1.53      0.63     42.55      1.01
 beta_off[8,16]     -0.90      0.46     -0.88     -1.68     -0.19     25.19      1.01
  beta_off[9,0]      0.25      0.76      0.19     -0.94      1.58     10.30      1.13
  beta_off[9,1]      0.16      0.63      0.19     -0.90      1.14     29.22      1.02
  beta_off[9,2]      0.68      0.55      0.75     -0.34      1.47      6.91      1.30
  beta_off[9,3]     -0.43      0.78     -0.45     -1.74      0.74     30.64      1.13
  beta_off[9,4]      0.33      0.90      0.36     -1.23      1.72     11.78      1.04
  beta_off[9,5]      0.30      0.63      0.34     -0.71      1.34     15.73      1.18
  beta_off[9,6]     -0.06      1.02     -0.04     -1.95      1.40    148.16      1.00
  beta_off[9,7]     -0.54      1.18     -0.84     -2.12      1.55      4.67      1.40
  beta_off[9,8]      0.08      0.52      0.13     -0.81      0.90     63.72      1.07
  beta_off[9,9]     -0.67      0.49     -0.64     -1.55      0.05     17.39      1.11
 beta_off[9,10]      1.67      0.82      1.65      0.18      2.94     18.31      1.02
 beta_off[9,11]     -0.42      0.63     -0.49     -1.37      0.68      6.12      1.31
 beta_off[9,12]     -0.61      0.55     -0.69     -1.41      0.40      6.03      1.24
 beta_off[9,13]      0.45      0.47      0.41     -0.24      1.24     15.75      1.13
 beta_off[9,14]     -0.14      0.78      0.07     -1.48      0.97      5.06      1.34
 beta_off[9,15]      0.48      0.62      0.55     -0.52      1.47      7.60      1.26
 beta_off[9,16]      0.66      1.56      1.23     -2.14      2.53      4.16      1.36
     delta[0,0]     -2.68      0.04     -2.68     -2.75     -2.60     19.48      1.13
     delta[0,1]     -2.66      0.04     -2.66     -2.73     -2.59     18.41      1.13
     delta[0,2]     -2.63      0.04     -2.63     -2.70     -2.56     18.52      1.13
     delta[0,3]     -2.62      0.04     -2.62     -2.69     -2.55     18.09      1.15
     delta[0,4]     -2.59      0.04     -2.59     -2.66     -2.52     18.52      1.14
     delta[0,5]     -2.56      0.04     -2.56     -2.62     -2.48     18.82      1.13
     delta[0,6]     -2.52      0.04     -2.52     -2.57     -2.44     18.75      1.13
     delta[0,7]     -2.48      0.04     -2.48     -2.55     -2.41     18.56      1.14
     delta[0,8]     -2.44      0.04     -2.44     -2.51     -2.37     18.11      1.15
     delta[0,9]     -2.37      0.04     -2.36     -2.43     -2.29     18.93      1.12
    delta[0,10]     -2.30      0.04     -2.30     -2.37     -2.23     18.83      1.14
    delta[0,11]     -2.24      0.04     -2.24     -2.30     -2.16     19.62      1.14
    delta[0,12]     -2.17      0.04     -2.17     -2.23     -2.10     20.16      1.14
    delta[0,13]     -2.07      0.04     -2.07     -2.13     -1.99     20.79      1.13
    delta[0,14]     -1.96      0.04     -1.96     -2.03     -1.89     20.43      1.15
    delta[0,15]     -1.87      0.04     -1.87     -1.93     -1.79     19.84      1.14
    delta[0,16]     -1.75      0.04     -1.75     -1.81     -1.67     20.89      1.13
    delta[0,17]     -1.63      0.04     -1.63     -1.70     -1.55     20.67      1.14
    delta[0,18]     -1.50      0.04     -1.50     -1.56     -1.42     20.59      1.12
    delta[0,19]     -1.31      0.04     -1.32     -1.39     -1.24     20.45      1.13
    delta[0,20]     -1.12      0.04     -1.12     -1.19     -1.05     20.09      1.12
    delta[0,21]     -0.94      0.04     -0.94     -1.00     -0.85     19.50      1.13
    delta[0,22]     -0.80      0.04     -0.80     -0.86     -0.71     19.18      1.14
    delta[0,23]     -0.68      0.04     -0.68     -0.74     -0.60     19.47      1.14
    delta[0,24]     -0.53      0.04     -0.53     -0.61     -0.46     19.32      1.12
    delta[0,25]     -0.39      0.04     -0.39     -0.46     -0.32     19.35      1.12
    delta[0,26]     -0.27      0.04     -0.27     -0.35     -0.21     18.90      1.13
    delta[0,27]     -0.15      0.04     -0.15     -0.22     -0.08     19.41      1.13
    delta[0,28]      0.04      0.04      0.04     -0.02      0.12     18.96      1.12
    delta[0,29]      0.26      0.04      0.26      0.19      0.33     18.64      1.13
    delta[0,30]      0.47      0.04      0.47      0.40      0.54     19.08      1.12
    delta[0,31]      0.63      0.04      0.63      0.55      0.70     19.08      1.12
    delta[0,32]      0.75      0.04      0.75      0.68      0.83     19.07      1.12
    delta[0,33]      0.81      0.04      0.81      0.75      0.89     18.25      1.13
    delta[0,34]      0.98      0.04      0.98      0.91      1.05     18.67      1.13
    delta[0,35]      1.14      0.04      1.14      1.08      1.22     18.68      1.14
    delta[0,36]      1.29      0.04      1.29      1.23      1.37     18.65      1.13
    delta[0,37]      1.47      0.04      1.47      1.40      1.56     18.84      1.12
    delta[0,38]      1.62      0.05      1.62      1.55      1.71     19.43      1.12
    delta[0,39]      1.80      0.05      1.80      1.73      1.90     21.52      1.11
    delta[0,40]      2.12      0.05      2.12      2.05      2.23     23.56      1.08
    delta[0,41]      2.31      0.06      2.31      2.22      2.42     24.76      1.07
    delta[0,42]      2.51      0.06      2.51      2.41      2.60     25.25      1.06
    delta[0,43]      2.61      0.06      2.61      2.51      2.70     27.43      1.03
     delta[1,0]     -2.54      0.06     -2.54     -2.63     -2.43      4.44      1.00
     delta[1,1]     -2.46      0.06     -2.47     -2.56     -2.36      4.52      1.00
     delta[1,2]     -2.38      0.06     -2.39     -2.47     -2.27      4.57      1.00
     delta[1,3]     -2.31      0.06     -2.32     -2.41     -2.21      4.64      1.00
     delta[1,4]     -2.22      0.06     -2.23     -2.31     -2.12      4.64      1.00
     delta[1,5]     -2.13      0.06     -2.14     -2.23     -2.03      4.64      1.00
     delta[1,6]     -2.04      0.06     -2.04     -2.13     -1.93      4.75      1.00
     delta[1,7]     -1.96      0.06     -1.96     -2.05     -1.85      4.79      1.00
     delta[1,8]     -1.83      0.06     -1.84     -1.93     -1.74      4.78      1.00
     delta[1,9]     -1.69      0.06     -1.70     -1.78     -1.59      4.68      1.00
    delta[1,10]     -1.56      0.06     -1.57     -1.66     -1.46      4.62      1.00
    delta[1,11]     -1.45      0.06     -1.46     -1.55     -1.35      4.64      1.00
    delta[1,12]     -1.34      0.06     -1.35     -1.43     -1.23      4.64      1.00
    delta[1,13]     -1.20      0.06     -1.21     -1.29     -1.09      4.60      1.00
    delta[1,14]     -1.06      0.06     -1.07     -1.16     -0.96      4.64      1.00
    delta[1,15]     -0.95      0.06     -0.96     -1.05     -0.85      4.58      1.00
    delta[1,16]     -0.82      0.06     -0.83     -0.91     -0.72      4.55      1.00
    delta[1,17]     -0.71      0.06     -0.72     -0.80     -0.60      4.55      1.00
    delta[1,18]     -0.58      0.06     -0.59     -0.68     -0.48      4.54      1.00
    delta[1,19]     -0.43      0.06     -0.44     -0.53     -0.34      4.53      1.00
    delta[1,20]     -0.29      0.06     -0.30     -0.38     -0.19      4.57      1.00
    delta[1,21]     -0.17      0.06     -0.18     -0.26     -0.06      4.56      1.00
    delta[1,22]     -0.08      0.06     -0.09     -0.18      0.02      4.56      1.00
    delta[1,23]     -0.01      0.06     -0.02     -0.11      0.09      4.55      1.00
    delta[1,24]      0.07      0.06      0.06     -0.02      0.17      4.55      1.00
    delta[1,25]      0.15      0.06      0.14      0.04      0.24      4.56      1.00
    delta[1,26]      0.20      0.06      0.20      0.11      0.31      4.54      1.00
    delta[1,27]      0.26      0.06      0.26      0.16      0.36      4.51      1.00
    delta[1,28]      0.35      0.06      0.34      0.25      0.45      4.49      1.00
    delta[1,29]      0.44      0.06      0.44      0.35      0.54      4.50      1.00
    delta[1,30]      0.52      0.06      0.52      0.43      0.63      4.56      1.00
    delta[1,31]      0.58      0.06      0.58      0.48      0.68      4.58      1.00
    delta[1,32]      0.62      0.06      0.62      0.53      0.73      4.55      1.00
    delta[1,33]      0.65      0.06      0.64      0.55      0.75      4.50      1.00
    delta[1,34]      0.70      0.06      0.70      0.61      0.81      4.45      1.00
    delta[1,35]      0.75      0.06      0.75      0.66      0.86      4.45      1.00
    delta[1,36]      0.80      0.06      0.80      0.71      0.90      4.43      1.00
    delta[1,37]      0.86      0.06      0.85      0.76      0.96      4.44      1.00
    delta[1,38]      0.90      0.06      0.89      0.80      1.00      4.47      1.00
    delta[1,39]      0.94      0.06      0.94      0.85      1.05      4.49      1.00
    delta[1,40]      1.04      0.06      1.03      0.94      1.14      4.55      1.00
    delta[1,41]      1.08      0.06      1.08      0.99      1.18      4.54      1.00
    delta[1,42]      1.13      0.06      1.13      1.04      1.24      4.55      1.00
    delta[1,43]      1.15      0.06      1.15      1.06      1.26      4.51      1.00
     delta[2,0]      2.99      0.06      3.00      2.90      3.10      4.78      1.29
     delta[2,1]      2.80      0.06      2.81      2.70      2.91      4.23      1.37
     delta[2,2]      2.60      0.06      2.60      2.49      2.70      4.17      1.35
     delta[2,3]      2.44      0.06      2.45      2.33      2.54      4.18      1.35
     delta[2,4]      2.25      0.07      2.25      2.14      2.35      4.19      1.34
     delta[2,5]      2.08      0.07      2.08      1.97      2.19      4.19      1.35
     delta[2,6]      1.90      0.07      1.90      1.79      2.01      4.27      1.33
     delta[2,7]      1.76      0.07      1.76      1.66      1.88      4.31      1.31
     delta[2,8]      1.56      0.07      1.56      1.45      1.67      4.36      1.30
     delta[2,9]      1.35      0.07      1.35      1.24      1.47      4.33      1.30
    delta[2,10]      1.18      0.07      1.19      1.06      1.28      4.25      1.31
    delta[2,11]      1.05      0.06      1.06      0.95      1.16      4.23      1.32
    delta[2,12]      0.93      0.06      0.93      0.82      1.03      4.24      1.32
    delta[2,13]      0.78      0.06      0.79      0.67      0.88      4.28      1.32
    delta[2,14]      0.66      0.06      0.67      0.55      0.76      4.36      1.31
    delta[2,15]      0.57      0.06      0.57      0.47      0.67      4.32      1.32
    delta[2,16]      0.47      0.06      0.47      0.36      0.56      4.30      1.32
    delta[2,17]      0.39      0.06      0.39      0.28      0.49      4.24      1.33
    delta[2,18]      0.31      0.06      0.31      0.19      0.40      4.21      1.33
    delta[2,19]      0.22      0.06      0.23      0.11      0.32      4.20      1.34
    delta[2,20]      0.14      0.06      0.15      0.03      0.24      4.21      1.34
    delta[2,21]      0.09      0.06      0.09     -0.02      0.18      4.21      1.34
    delta[2,22]      0.05      0.06      0.06     -0.05      0.16      4.26      1.33
    delta[2,23]      0.02      0.06      0.03     -0.10      0.11      4.25      1.33
    delta[2,24]     -0.01      0.06     -0.01     -0.12      0.09      4.22      1.34
    delta[2,25]     -0.04      0.06     -0.03     -0.15      0.06      4.20      1.34
    delta[2,26]     -0.06      0.06     -0.06     -0.17      0.04      4.19      1.34
    delta[2,27]     -0.08      0.06     -0.07     -0.19      0.02      4.20      1.34
    delta[2,28]     -0.11      0.06     -0.10     -0.22     -0.01      4.18      1.35
    delta[2,29]     -0.13      0.06     -0.13     -0.24     -0.03      4.19      1.35
    delta[2,30]     -0.15      0.06     -0.15     -0.26     -0.05      4.21      1.34
    delta[2,31]     -0.17      0.06     -0.17     -0.29     -0.07      4.20      1.35
    delta[2,32]     -0.18      0.06     -0.18     -0.29     -0.08      4.20      1.34
    delta[2,33]     -0.19      0.06     -0.19     -0.30     -0.09      4.19      1.35
    delta[2,34]     -0.20      0.06     -0.20     -0.31     -0.10      4.22      1.34
    delta[2,35]     -0.21      0.06     -0.21     -0.33     -0.12      4.19      1.35
    delta[2,36]     -0.23      0.06     -0.22     -0.33     -0.13      4.19      1.35
    delta[2,37]     -0.24      0.06     -0.23     -0.35     -0.14      4.20      1.35
    delta[2,38]     -0.24      0.06     -0.24     -0.35     -0.14      4.21      1.34
    delta[2,39]     -0.25      0.06     -0.25     -0.37     -0.16      4.23      1.35
    delta[2,40]     -0.27      0.06     -0.27     -0.38     -0.17      4.19      1.35
    delta[2,41]     -0.28      0.06     -0.28     -0.38     -0.17      4.22      1.34
    delta[2,42]     -0.29      0.06     -0.28     -0.40     -0.19      4.22      1.35
    delta[2,43]     -0.29      0.06     -0.29     -0.40     -0.19      4.25      1.34
            eta      0.03      0.02      0.02      0.01      0.05     52.26      1.00
         f[0,0]     -0.39      0.37     -0.39     -0.96      0.25     70.74      1.00
         f[0,1]     -3.51      1.08     -3.66     -5.09     -1.65      7.16      1.21
         f[0,2]      0.23      0.36      0.22     -0.40      0.78    103.94      1.02
         f[0,3]     -0.21      0.52     -0.22     -1.05      0.64     27.50      1.08
         f[0,4]      0.46      0.37      0.44     -0.14      1.04     47.15      1.03
         f[0,5]     -0.04      0.27     -0.04     -0.52      0.39     24.55      1.00
         f[0,6]     -0.38      0.20     -0.38     -0.68     -0.07      5.87      1.34
         f[0,7]     -2.62      1.03     -2.61     -4.29     -0.96      6.57      1.34
         f[0,8]      0.76      0.35      0.73      0.23      1.35     60.45      1.00
         f[0,9]     -0.26      0.49     -0.30     -1.11      0.54     11.24      1.09
         f[1,0]     -0.55      0.39     -0.55     -1.18      0.09     62.91      1.00
         f[1,1]      3.47      0.71      3.47      2.36      4.64      9.07      1.23
         f[1,2]      0.21      0.38      0.21     -0.40      0.85     90.51      1.00
         f[1,3]     -0.78      0.55     -0.80     -1.66      0.12     23.82      1.11
         f[1,4]     -0.08      0.57     -0.10     -1.00      0.73      7.22      1.25
         f[1,5]     -0.01      0.28     -0.00     -0.47      0.44     33.97      1.02
         f[1,6]     -0.39      0.18     -0.37     -0.66     -0.08      6.32      1.36
         f[1,7]     -1.51      1.02     -1.71     -2.98      0.26      6.62      1.21
         f[1,8]      0.85      0.34      0.84      0.36      1.49     53.69      1.01
         f[1,9]     -0.03      0.87     -0.25     -1.22      1.52      5.59      1.30
         f[2,0]     -0.83      0.32     -0.82     -1.35     -0.31     90.98      1.00
         f[2,1]      0.83      0.30      0.81      0.37      1.35     45.67      1.04
         f[2,2]      0.03      0.34      0.03     -0.55      0.56     76.22      1.01
         f[2,3]     -0.42      0.38     -0.43     -1.01      0.26     46.31      1.08
         f[2,4]     -0.64      0.30     -0.63     -1.11     -0.12     13.59      1.09
         f[2,5]     -0.20      0.23     -0.20     -0.58      0.15     53.55      1.01
         f[2,6]     -0.34      0.18     -0.33     -0.61     -0.04      5.67      1.38
         f[2,7]     -0.16      0.35     -0.16     -0.74      0.39      9.63      1.18
         f[2,8]      0.48      0.33      0.48     -0.06      1.01     55.64      1.01
         f[2,9]      0.00      0.50     -0.05     -0.75      0.91      7.05      1.20
         f[3,0]     -0.74      0.36     -0.75     -1.40     -0.20     53.92      1.01
         f[3,1]      1.41      0.32      1.40      0.89      1.92     61.76      1.00
         f[3,2]      0.36      0.36      0.36     -0.21      0.98     45.85      1.01
         f[3,3]      0.27      0.41      0.26     -0.34      1.03     89.60      1.01
         f[3,4]     -0.62      0.32     -0.60     -1.13     -0.08     15.31      1.11
         f[3,5]     -0.13      0.23     -0.12     -0.49      0.24     52.48      1.01
         f[3,6]     -0.34      0.18     -0.33     -0.61     -0.05      6.00      1.32
         f[3,7]      0.34      0.50      0.32     -0.48      1.12      7.36      1.27
         f[3,8]      0.45      0.41      0.40     -0.27      1.02     35.05      1.00
         f[3,9]      0.19      0.48      0.24     -0.60      0.95     11.52      1.12
         f[4,0]     -0.53      0.30     -0.52     -1.02     -0.02     93.31      1.00
         f[4,1]      0.99      0.37      1.02      0.38      1.56     18.26      1.03
         f[4,2]      0.26      0.34      0.25     -0.31      0.81     50.80      1.02
         f[4,3]     -0.04      0.35     -0.04     -0.61      0.52     87.62      1.05
         f[4,4]     -0.75      0.25     -0.75     -1.16     -0.34     31.42      1.01
         f[4,5]     -0.20      0.22     -0.20     -0.51      0.21     53.26      1.00
         f[4,6]     -0.35      0.18     -0.34     -0.64     -0.06      6.06      1.32
         f[4,7]      0.80      0.41      0.80      0.17      1.44      9.57      1.21
         f[4,8]      0.48      0.31      0.46     -0.03      0.95     95.01      1.00
         f[4,9]      0.16      0.32      0.16     -0.41      0.61    132.58      1.02
         f[5,0]     -0.42      0.32     -0.41     -0.93      0.08     91.60      1.03
         f[5,1]      1.79      0.38      1.80      1.23      2.47     25.84      1.01
         f[5,2]     -0.25      0.37     -0.25     -0.82      0.38     41.59      1.05
         f[5,3]      0.39      0.46      0.37     -0.31      1.18     20.26      1.02
         f[5,4]     -0.71      0.28     -0.70     -1.14     -0.23     20.00      1.03
         f[5,5]     -0.36      0.24     -0.36     -0.75      0.00     51.05      1.01
         f[5,6]     -0.33      0.18     -0.32     -0.62     -0.03      5.69      1.35
         f[5,7]      0.80      0.59      0.75     -0.14      1.75      7.77      1.23
         f[5,8]      0.18      0.31      0.17     -0.32      0.69     93.50      1.00
         f[5,9]     -0.01      0.47      0.05     -0.83      0.74      8.29      1.20
         f[6,0]     -0.56      0.32     -0.55     -1.14     -0.08    146.35      1.02
         f[6,1]      1.13      0.51      1.16      0.31      1.90     11.37      1.08
         f[6,2]      0.01      0.35      0.02     -0.55      0.57     78.08      1.02
         f[6,3]      1.09      0.80      1.22     -0.24      2.35      6.89      1.17
         f[6,4]     -0.94      0.26     -0.92     -1.37     -0.51     50.80      1.00
         f[6,5]     -0.26      0.23     -0.25     -0.67      0.07     53.18      1.03
         f[6,6]     -0.41      0.18     -0.40     -0.68     -0.10      6.46      1.29
         f[6,7]      1.41      0.46      1.43      0.72      2.19      9.84      1.22
         f[6,8]      0.40      0.35      0.39     -0.24      0.92     83.15      1.00
         f[6,9]     -0.11      1.05      0.21     -1.90      1.33      4.90      1.36
         f[7,0]     -0.57      0.36     -0.56     -1.14      0.04     50.29      1.01
         f[7,1]     -0.24      0.72     -0.20     -1.36      0.93      7.82      1.17
         f[7,2]     -0.02      0.38     -0.02     -0.68      0.55     39.99      1.00
         f[7,3]     -0.40      0.43     -0.42     -1.15      0.26     50.47      1.00
         f[7,4]     -1.09      0.30     -1.08     -1.59     -0.59     42.19      1.04
         f[7,5]     -0.38      0.26     -0.37     -0.75      0.08     41.54      1.03
         f[7,6]     -0.35      0.18     -0.34     -0.63     -0.05      5.78      1.33
         f[7,7]      2.13      0.35      2.10      1.52      2.67     54.85      1.04
         f[7,8]      0.47      0.38      0.45     -0.12      1.14     40.38      1.00
         f[7,9]     -0.31      0.59     -0.43     -1.15      0.74      6.50      1.22
         f[8,0]     -0.05      0.36     -0.07     -0.65      0.52     34.42      1.01
         f[8,1]     -1.21      0.87     -1.17     -2.53      0.21      7.26      1.21
         f[8,2]      0.15      0.34      0.15     -0.45      0.69     56.57      1.00
         f[8,3]     -1.14      0.60     -1.15     -2.12     -0.13     11.29      1.15
         f[8,4]     -0.96      0.38     -0.97     -1.57     -0.34     19.20      1.12
         f[8,5]     -0.28      0.24     -0.28     -0.67      0.14     39.74      1.03
         f[8,6]     -0.38      0.18     -0.38     -0.67     -0.10      6.02      1.32
         f[8,7]      2.52      0.46      2.52      1.70      3.19     19.11      1.01
         f[8,8]      0.38      0.33      0.35     -0.11      0.96     46.23      1.01
         f[8,9]     -0.16      1.11     -0.49     -1.53      1.88      4.66      1.33
         f[9,0]      0.10      0.36      0.12     -0.50      0.66     34.89      1.10
         f[9,1]     -1.11      0.74     -1.08     -2.28      0.05      8.00      1.16
         f[9,2]      0.13      0.34      0.14     -0.41      0.69     54.25      1.02
         f[9,3]     -0.01      0.44      0.02     -0.76      0.68     49.76      1.03
         f[9,4]     -0.39      0.41     -0.37     -1.06      0.28     13.85      1.17
         f[9,5]     -0.31      0.23     -0.31     -0.69      0.07     41.03      1.00
         f[9,6]     -0.46      0.20     -0.46     -0.73     -0.11      6.08      1.30
         f[9,7]      2.25      0.45      2.25      1.51      2.96     12.44      1.08
         f[9,8]      0.48      0.35      0.49     -0.00      1.08     81.29      1.02
         f[9,9]     -0.14      0.39     -0.13     -0.76      0.50    130.14      1.01
        f[10,0]      0.33      0.37      0.34     -0.28      0.91     64.35      1.00
        f[10,1]     -1.10      0.53     -1.06     -2.01     -0.30     11.92      1.08
        f[10,2]      0.14      0.37      0.13     -0.43      0.77     41.61      1.01
        f[10,3]     -0.92      1.47     -1.47     -2.63      1.72      4.15      1.38
        f[10,4]      1.16      0.40      1.17      0.51      1.84     14.83      1.15
        f[10,5]     -0.41      0.28     -0.40     -0.86      0.01     29.73      1.00
        f[10,6]     -0.37      0.20     -0.37     -0.70     -0.06      5.44      1.39
        f[10,7]      1.53      0.45      1.58      0.78      2.18      6.58      1.27
        f[10,8]      0.68      0.37      0.69      0.10      1.31     68.32      1.02
        f[10,9]      1.17      0.70      1.17      0.01      2.29     16.87      1.02
        f[11,0]      0.18      0.37      0.20     -0.43      0.78     65.18      1.00
        f[11,1]     -0.53      0.40     -0.52     -1.18      0.14     31.76      1.01
        f[11,2]     -0.16      0.38     -0.14     -0.80      0.42     63.95      1.01
        f[11,3]     -0.87      1.57     -1.50     -2.72      1.95      4.04      1.39
        f[11,4]      1.54      0.36      1.54      0.92      2.10     35.91      1.08
        f[11,5]     -0.66      0.27     -0.64     -1.04     -0.17     35.84      1.00
        f[11,6]     -0.32      0.19     -0.31     -0.61     -0.01      5.27      1.41
        f[11,7]      1.09      0.35      1.11      0.54      1.63      6.55      1.27
        f[11,8]      0.51      0.37      0.54     -0.08      1.12     35.47      1.02
        f[11,9]      1.28      0.69      1.29      0.04      2.35     17.73      1.01
        f[12,0]      0.21      0.34      0.22     -0.39      0.72     71.78      1.01
        f[12,1]     -0.33      0.36     -0.30     -0.97      0.25     49.24      1.01
        f[12,2]     -0.07      0.35     -0.07     -0.62      0.53     60.60      1.02
        f[12,3]     -0.51      1.34     -0.98     -2.18      1.81      4.31      1.36
        f[12,4]      1.66      0.33      1.65      1.08      2.15     58.96      1.05
        f[12,5]     -0.66      0.26     -0.65     -1.11     -0.23     47.19      1.00
        f[12,6]     -0.33      0.19     -0.31     -0.65     -0.04      5.61      1.37
        f[12,7]      0.96      0.30      0.96      0.44      1.41      7.76      1.26
        f[12,8]      0.26      0.38      0.29     -0.28      0.93     29.83      1.01
        f[12,9]      1.18      0.62      1.23      0.21      2.23     21.38      1.01
        f[13,0]      0.69      0.37      0.69      0.10      1.30    113.00      1.03
        f[13,1]     -0.32      0.34     -0.32     -0.86      0.26     57.29      1.01
        f[13,2]     -0.03      0.38     -0.01     -0.69      0.56     68.14      1.00
        f[13,3]     -0.05      1.27     -0.37     -1.72      2.12      4.80      1.33
        f[13,4]      1.88      0.35      1.87      1.28      2.43     48.29      1.06
        f[13,5]     -0.56      0.29     -0.54     -1.00     -0.09     54.20      1.01
        f[13,6]     -0.37      0.19     -0.36     -0.67     -0.05      6.01      1.34
        f[13,7]      0.70      0.33      0.69      0.19      1.24      6.62      1.31
        f[13,8]     -0.17      0.43     -0.14     -0.87      0.51     44.39      1.00
        f[13,9]      1.25      0.81      1.40      0.09      2.51      6.68      1.25
        f[14,0]      0.01      0.39      0.00     -0.63      0.64     76.17      1.08
        f[14,1]     -0.47      0.34     -0.48     -0.98      0.12     50.27      1.09
        f[14,2]     -0.31      0.41     -0.32     -1.03      0.33     56.99      1.06
        f[14,3]      1.41      1.04      1.47     -0.32      2.96     10.99      1.11
        f[14,4]      1.94      0.34      1.94      1.30      2.43     83.92      1.00
        f[14,5]     -0.68      0.28     -0.66     -1.18     -0.26     44.58      1.00
        f[14,6]     -0.35      0.19     -0.33     -0.67     -0.04      5.42      1.36
        f[14,7]      0.29      0.32      0.26     -0.19      0.84      6.67      1.33
        f[14,8]     -0.12      0.38     -0.10     -0.72      0.49     31.54      1.02
        f[14,9]      1.35      1.83      2.10     -1.98      3.34      3.92      1.43
        f[15,0]      0.16      0.35      0.16     -0.41      0.70    105.47      1.03
        f[15,1]     -0.35      0.32     -0.35     -0.91      0.12     43.30      1.07
        f[15,2]      0.45      0.41      0.47     -0.28      1.03     58.08      1.09
        f[15,3]      1.52      0.96      1.77     -0.22      2.88      5.14      1.36
        f[15,4]      1.60      0.31      1.60      1.09      2.09     78.52      1.04
        f[15,5]     -0.77      0.27     -0.75     -1.21     -0.36     41.05      1.01
        f[15,6]     -0.32      0.19     -0.31     -0.68     -0.06      6.51      1.26
        f[15,7]      0.19      0.28      0.16     -0.26      0.67     21.38      1.13
        f[15,8]      0.13      0.39      0.15     -0.52      0.75     23.26      1.06
        f[15,9]     -0.20      1.29      0.20     -2.40      1.48      4.66      1.37
        f[16,0]      0.30      0.40      0.32     -0.30      0.99     72.74      1.01
        f[16,1]     -0.27      0.34     -0.29     -0.84      0.27     35.59      1.08
        f[16,2]     -0.23      0.45     -0.23     -1.01      0.44     35.99      1.05
        f[16,3]      1.21      1.49      1.76     -1.71      2.82      4.13      1.43
        f[16,4]      1.50      0.31      1.51      1.01      2.02     52.78      1.13
        f[16,5]     -0.98      0.27     -0.96     -1.40     -0.54     49.10      1.00
        f[16,6]     -0.33      0.19     -0.32     -0.62     -0.00      6.32      1.29
        f[16,7]     -0.08      0.24     -0.10     -0.46      0.33     37.45      1.09
        f[16,8]     -0.25      0.50     -0.21     -1.09      0.54     15.48      1.01
        f[16,9]     -1.07      0.84     -1.08     -2.40      0.27     10.75      1.17
        f[17,0]     -0.08      0.41     -0.08     -0.70      0.62     78.58      1.01
        f[17,1]     -0.19      0.33     -0.23     -0.71      0.35     21.52      1.11
        f[17,2]     -0.27      0.50     -0.28     -1.03      0.56     34.08      1.08
        f[17,3]      0.16      1.12      0.43     -1.74      1.75      4.90      1.39
        f[17,4]      1.21      0.31      1.22      0.70      1.69     27.42      1.21
        f[17,5]     -1.03      0.31     -1.03     -1.54     -0.55     33.40      1.00
        f[17,6]     -0.28      0.18     -0.27     -0.55      0.05      6.61      1.28
        f[17,7]     -0.18      0.22     -0.19     -0.52      0.19     51.31      1.05
        f[17,8]     -0.60      0.46     -0.57     -1.32      0.14     14.73      1.01
        f[17,9]     -1.13      0.65     -1.19     -2.08      0.08      9.27      1.16
        f[18,0]      0.14      0.41      0.14     -0.55      0.80     75.04      1.01
        f[18,1]     -0.12      0.33     -0.14     -0.63      0.42     25.94      1.07
        f[18,2]      0.11      0.45      0.12     -0.65      0.80     38.41      1.03
        f[18,3]     -0.48      1.27     -0.30     -2.58      1.33      5.67      1.33
        f[18,4]      0.92      0.32      0.94      0.43      1.49     22.51      1.18
        f[18,5]     -1.09      0.33     -1.08     -1.62     -0.54     23.52      1.01
        f[18,6]     -0.30      0.18     -0.30     -0.60     -0.03      8.15      1.22
        f[18,7]     -0.23      0.22     -0.23     -0.55      0.15     52.14      1.02
        f[18,8]     -0.71      0.47     -0.66     -1.49      0.01     18.04      1.00
        f[18,9]     -1.53      1.22     -1.95     -3.04      0.71      4.56      1.35
        f[19,0]      0.14      0.39      0.11     -0.49      0.78     76.52      1.00
        f[19,1]     -0.00      0.38     -0.04     -0.62      0.61     16.20      1.15
        f[19,2]     -0.05      0.46     -0.04     -0.79      0.71     43.08      1.03
        f[19,3]     -1.07      1.14     -1.12     -2.83      0.73      8.76      1.21
        f[19,4]      0.91      0.34      0.91      0.34      1.47     12.51      1.17
        f[19,5]     -1.07      0.29     -1.05     -1.53     -0.56     29.22      1.03
        f[19,6]     -0.37      0.18     -0.36     -0.67     -0.10      7.24      1.26
        f[19,7]     -0.49      0.23     -0.48     -0.84     -0.09     40.37      1.02
        f[19,8]     -0.46      0.49     -0.40     -1.22      0.33     19.91      1.00
        f[19,9]     -1.49      1.67     -2.19     -3.37      1.59      4.13      1.41
        f[20,0]     -0.60      0.37     -0.59     -1.21     -0.01     69.95      1.01
        f[20,1]     -0.04      0.40     -0.07     -0.70      0.59     11.38      1.17
        f[20,2]     -0.24      0.50     -0.26     -1.05      0.57     31.78      1.06
        f[20,3]     -0.99      0.73     -1.09     -2.12      0.18     16.04      1.09
        f[20,4]      0.97      0.34      0.97      0.43      1.52     11.09      1.26
        f[20,5]     -1.32      0.33     -1.32     -1.88     -0.83     27.56      1.00
        f[20,6]     -0.26      0.18     -0.25     -0.57      0.01      6.37      1.31
        f[20,7]     -0.63      0.21     -0.62     -0.93     -0.25     71.06      1.03
        f[20,8]     -0.23      0.45     -0.19     -0.90      0.51     13.51      1.00
        f[20,9]     -0.90      1.35     -1.45     -2.42      1.61      4.13      1.43
        f[21,0]     -0.58      0.35     -0.58     -1.23     -0.07     73.06      1.00
        f[21,1]     -0.16      0.38     -0.17     -0.78      0.43     11.78      1.18
        f[21,2]     -0.16      0.46     -0.16     -0.90      0.59     33.92      1.05
        f[21,3]     -0.57      0.49     -0.58     -1.33      0.24     34.02      1.03
        f[21,4]      0.90      0.29      0.91      0.40      1.35     17.39      1.18
        f[21,5]     -1.19      0.29     -1.18     -1.63     -0.69     38.90      1.00
        f[21,6]     -0.36      0.19     -0.35     -0.66     -0.05      6.11      1.32
        f[21,7]     -0.62      0.22     -0.63     -0.93     -0.20     43.39      1.11
        f[21,8]      0.27      0.38      0.31     -0.30      0.93     18.27      1.01
        f[21,9]     -0.39      0.78     -0.61     -1.47      1.00      4.81      1.37
        f[22,0]     -0.96      0.37     -0.95     -1.62     -0.39     58.12      1.00
        f[22,1]      0.02      0.43     -0.03     -0.61      0.75      8.79      1.21
        f[22,2]     -0.44      0.49     -0.47     -1.20      0.35     25.01      1.16
        f[22,3]      0.54      0.60      0.65     -0.52      1.40      5.54      1.33
        f[22,4]      0.89      0.30      0.88      0.39      1.38     12.97      1.25
        f[22,5]     -1.06      0.32     -1.06     -1.59     -0.59     34.71      1.01
        f[22,6]     -0.41      0.20     -0.40     -0.76     -0.12      5.50      1.35
        f[22,7]     -0.68      0.22     -0.67     -1.03     -0.33     65.55      1.02
        f[22,8]      0.33      0.41      0.35     -0.27      1.05     20.26      1.00
        f[22,9]     -0.27      0.46     -0.25     -1.13      0.40     13.71      1.09
        f[23,0]     -0.65      0.35     -0.64     -1.24     -0.07     65.23      1.00
        f[23,1]     -0.01      0.39     -0.04     -0.67      0.59      8.73      1.26
        f[23,2]     -0.25      0.41     -0.25     -0.95      0.36     44.92      1.09
        f[23,3]      0.50      0.66      0.63     -0.74      1.39      5.35      1.29
        f[23,4]      0.57      0.30      0.55      0.08      1.05     15.14      1.17
        f[23,5]     -0.88      0.26     -0.89     -1.30     -0.45     45.55      1.00
        f[23,6]     -0.43      0.19     -0.42     -0.73     -0.11      5.55      1.35
        f[23,7]     -0.62      0.19     -0.61     -0.92     -0.31     52.73      1.03
        f[23,8]      0.62      0.35      0.64      0.12      1.26     26.13      1.00
        f[23,9]     -0.32      0.44     -0.31     -1.02      0.39     14.56      1.14
        f[24,0]     -0.65      0.44     -0.62     -1.32      0.09     51.47      1.03
        f[24,1]      0.06      0.36      0.02     -0.52      0.66      9.52      1.21
        f[24,2]      0.08      0.43      0.08     -0.69      0.73     47.51      1.08
        f[24,3]      0.45      0.69      0.62     -0.79      1.41      5.06      1.29
        f[24,4]      0.08      0.26      0.06     -0.34      0.50     21.43      1.13
        f[24,5]     -0.96      0.29     -0.98     -1.45     -0.50     33.13      1.01
        f[24,6]     -0.41      0.20     -0.40     -0.73     -0.10      5.51      1.35
        f[24,7]     -0.45      0.20     -0.43     -0.77     -0.15     71.51      1.00
        f[24,8]      1.33      0.36      1.32      0.81      2.00     80.48      1.01
        f[24,9]     -0.37      0.43     -0.36     -1.07      0.32     17.94      1.09
        f[25,0]     -0.57      0.48     -0.53     -1.29      0.27     47.70      1.04
        f[25,1]      0.04      0.33      0.01     -0.45      0.62     13.78      1.18
        f[25,2]      0.32      0.42      0.31     -0.34      1.04     57.44      1.02
        f[25,3]     -0.14      0.46     -0.14     -0.89      0.60     15.04      1.12
        f[25,4]     -0.12      0.25     -0.13     -0.58      0.24     22.23      1.06
        f[25,5]     -0.86      0.31     -0.83     -1.37     -0.36     23.89      1.00
        f[25,6]     -0.36      0.19     -0.35     -0.68     -0.06      5.79      1.33
        f[25,7]     -0.38      0.19     -0.38     -0.67     -0.05     55.74      1.01
        f[25,8]      1.70      0.36      1.70      1.06      2.26    110.12      1.03
        f[25,9]     -0.25      0.38     -0.28     -0.84      0.39     16.12      1.09
        f[26,0]     -0.29      0.48     -0.26     -1.05      0.50     46.39      1.05
        f[26,1]      0.04      0.32      0.01     -0.45      0.61     12.78      1.19
        f[26,2]      0.03      0.42      0.02     -0.69      0.71     49.37      1.03
        f[26,3]     -0.09      0.42     -0.11     -0.80      0.55     24.62      1.08
        f[26,4]     -0.25      0.23     -0.26     -0.64      0.11     25.26      1.05
        f[26,5]     -0.72      0.32     -0.69     -1.23     -0.23     18.58      1.00
        f[26,6]     -0.31      0.20     -0.30     -0.60      0.03      5.31      1.39
        f[26,7]     -0.34      0.17     -0.33     -0.63     -0.07     87.43      1.00
        f[26,8]      1.65      0.35      1.65      1.08      2.23     93.65      1.02
        f[26,9]     -0.15      0.33     -0.16     -0.73      0.36     44.91      1.03
        f[27,0]      0.15      0.40      0.17     -0.48      0.84     59.54      1.01
        f[27,1]     -0.20      0.30     -0.21     -0.71      0.26     13.29      1.19
        f[27,2]      0.35      0.40      0.35     -0.31      0.99     31.88      1.00
        f[27,3]     -0.04      0.35     -0.05     -0.61      0.53     93.21      1.04
        f[27,4]     -0.40      0.23     -0.39     -0.79     -0.03     48.30      1.00
        f[27,5]     -0.04      0.34     -0.01     -0.45      0.48     18.27      1.00
        f[27,6]     -0.31      0.19     -0.30     -0.62     -0.02      5.62      1.37
        f[27,7]     -0.19      0.18     -0.20     -0.49      0.11     95.53      1.05
        f[27,8]      1.25      0.34      1.24      0.73      1.82     50.66      1.00
        f[27,9]      0.19      0.31      0.19     -0.28      0.73    140.94      1.04
        f[28,0]      0.26      0.41      0.22     -0.39      0.82     26.93      1.02
        f[28,1]     -0.13      0.28     -0.14     -0.61      0.31     24.15      1.08
        f[28,2]      0.88      0.41      0.88      0.17      1.50     33.88      1.04
        f[28,3]     -0.60      0.49     -0.65     -1.35      0.27      6.53      1.28
        f[28,4]     -0.48      0.23     -0.47     -0.86     -0.10     26.40      1.00
        f[28,5]      0.49      0.31      0.51      0.10      0.99     29.86      1.02
        f[28,6]     -0.43      0.19     -0.42     -0.73     -0.11      8.69      1.23
        f[28,7]     -0.24      0.18     -0.23     -0.54      0.05     75.94      1.01
        f[28,8]      0.32      0.43      0.28     -0.36      1.07     14.78      1.00
        f[28,9]      0.23      0.49      0.17     -0.51      1.09      8.27      1.12
        f[29,0]     -0.22      0.47     -0.26     -1.00      0.31     21.84      1.06
        f[29,1]     -0.06      0.29     -0.05     -0.48      0.44     25.70      1.10
        f[29,2]      0.78      0.44      0.76      0.02      1.46     64.32      1.03
        f[29,3]     -0.50      0.63     -0.58     -1.48      0.60      5.37      1.35
        f[29,4]     -0.55      0.26     -0.54     -0.96     -0.11     37.17      1.02
        f[29,5]      0.62      0.30      0.63      0.13      1.10     19.63      1.03
        f[29,6]     -0.47      0.19     -0.46     -0.80     -0.19      9.80      1.19
        f[29,7]     -0.28      0.17     -0.27     -0.56      0.00     84.63      1.00
        f[29,8]     -0.65      0.48     -0.70     -1.47      0.03     20.43      1.00
        f[29,9]      0.42      0.41      0.40     -0.22      1.09     20.58      1.04
        f[30,0]     -1.39      0.57     -1.42     -2.29     -0.72     39.81      1.08
        f[30,1]      0.02      0.29      0.01     -0.48      0.50     37.54      1.05
        f[30,2]      0.46      0.45      0.45     -0.29      1.20     74.10      1.01
        f[30,3]     -0.31      0.71     -0.36     -1.42      0.90      5.70      1.37
        f[30,4]     -0.87      0.27     -0.85     -1.38     -0.49     23.30      1.03
        f[30,5]      0.94      0.48      0.91      0.10      1.62     12.87      1.00
        f[30,6]     -0.52      0.19     -0.51     -0.82     -0.19     11.27      1.18
        f[30,7]     -0.19      0.21     -0.18     -0.54      0.15     52.81      1.03
        f[30,8]     -1.44      0.69     -1.53     -2.52     -0.45     24.66      1.00
        f[30,9]      0.56      0.40      0.56     -0.09      1.23    112.49      1.00
        f[31,0]     -2.03      0.64     -2.03     -3.05     -1.05     54.23      1.05
        f[31,1]     -0.00      0.32     -0.01     -0.56      0.45     25.92      1.02
        f[31,2]     -0.12      0.51     -0.13     -0.98      0.69     75.44      1.00
        f[31,3]     -0.37      0.48     -0.35     -1.09      0.45     53.62      1.08
        f[31,4]     -0.84      0.29     -0.82     -1.31     -0.36     29.35      1.07
        f[31,5]      1.13      0.67      1.09     -0.01      1.87     13.12      1.00
        f[31,6]     -0.35      0.19     -0.33     -0.70     -0.05     13.09      1.18
        f[31,7]     -0.31      0.22     -0.31     -0.67      0.04     66.65      1.03
        f[31,8]     -2.18      0.75     -2.26     -3.32     -0.93     33.03      1.00
        f[31,9]     -0.01      0.52     -0.07     -0.86      0.87     13.91      1.11
        f[32,0]     -1.71      0.56     -1.72     -2.65     -0.85     54.65      1.04
        f[32,1]     -0.09      0.28     -0.09     -0.52      0.39     30.79      1.06
        f[32,2]     -0.54      0.49     -0.55     -1.33      0.26     84.70      1.00
        f[32,3]     -0.28      0.44     -0.30     -0.98      0.41    101.18      1.00
        f[32,4]     -0.84      0.30     -0.82     -1.32     -0.35     21.70      1.09
        f[32,5]      1.24      0.59      1.22      0.30      1.97     15.17      1.00
        f[32,6]     -0.30      0.21     -0.29     -0.65      0.03     12.35      1.23
        f[32,7]     -0.34      0.21     -0.33     -0.66      0.03     51.37      1.03
        f[32,8]     -1.99      0.65     -2.04     -3.11     -1.00     38.12      1.00
        f[32,9]     -0.18      0.51     -0.26     -1.03      0.63     12.14      1.13
        f[33,0]     -0.86      0.42     -0.88     -1.57     -0.27     48.11      1.03
        f[33,1]     -0.16      0.27     -0.15     -0.64      0.24     36.97      1.09
        f[33,2]      0.03      0.47      0.03     -0.80      0.74     52.94      1.01
        f[33,3]     -0.06      0.40     -0.04     -0.70      0.56     52.21      1.08
        f[33,4]     -0.78      0.26     -0.77     -1.20     -0.34     31.25      1.03
        f[33,5]      1.59      0.31      1.59      1.10      2.13     50.06      1.00
        f[33,6]     -0.31      0.21     -0.30     -0.62      0.06     10.12      1.24
        f[33,7]     -0.29      0.20     -0.29     -0.62      0.03     70.06      1.00
        f[33,8]     -0.78      0.54     -0.83     -1.63      0.06     21.19      1.00
        f[33,9]      0.18      0.34      0.19     -0.36      0.71     75.80      1.04
        f[34,0]     -0.06      0.35     -0.06     -0.60      0.53     75.61      1.00
        f[34,1]     -0.14      0.28     -0.14     -0.61      0.33     30.88      1.12
        f[34,2]     -0.06      0.49     -0.05     -0.95      0.67     33.80      1.01
        f[34,3]      0.18      0.37      0.20     -0.40      0.82     47.73      1.01
        f[34,4]     -0.76      0.26     -0.76     -1.19     -0.31     22.87      1.00
        f[34,5]      1.61      0.30      1.62      1.09      2.06     60.54      1.00
        f[34,6]     -0.18      0.21     -0.15     -0.54      0.14      9.03      1.30
        f[34,7]     -0.30      0.19     -0.30     -0.60      0.03     68.20      1.00
        f[34,8]     -0.14      0.43     -0.17     -0.88      0.53     13.88      1.00
        f[34,9]      0.20      0.42      0.24     -0.47      0.88      7.12      1.34
        f[35,0]      0.47      0.36      0.47     -0.17      1.03     75.09      1.00
        f[35,1]     -0.19      0.28     -0.20     -0.65      0.25     33.61      1.10
        f[35,2]     -0.52      0.51     -0.53     -1.30      0.40     23.27      1.01
        f[35,3]      0.37      0.44      0.39     -0.38      1.08     39.29      1.01
        f[35,4]     -0.64      0.26     -0.63     -1.05     -0.19     28.62      1.00
        f[35,5]      1.71      0.35      1.73      1.29      2.37     34.52      1.00
        f[35,6]     -0.00      0.22      0.02     -0.36      0.37      9.12      1.31
        f[35,7]     -0.37      0.18     -0.36     -0.67     -0.09     80.99      1.00
        f[35,8]     -0.17      0.40     -0.17     -0.85      0.48     23.55      1.00
        f[35,9]      0.18      0.54      0.26     -0.76      1.00      5.10      1.47
        f[36,0]      0.75      0.42      0.75      0.07      1.48     75.52      1.02
        f[36,1]     -0.20      0.30     -0.22     -0.69      0.30     18.45      1.16
        f[36,2]     -0.27      0.69     -0.29     -1.55      0.77     14.04      1.01
        f[36,3]      0.30      0.55      0.34     -0.57      1.17     12.15      1.11
        f[36,4]     -0.66      0.26     -0.64     -1.07     -0.23     25.62      1.00
        f[36,5]      2.06      0.52      2.12      1.42      2.83     22.00      1.00
        f[36,6]      0.39      0.23      0.41      0.01      0.76     11.00      1.29
        f[36,7]     -0.37      0.19     -0.37     -0.66     -0.07     98.51      1.00
        f[36,8]      0.66      0.51      0.66     -0.24      1.41     37.87      1.00
        f[36,9]     -0.09      0.44     -0.06     -0.82      0.60      9.65      1.30
        f[37,0]      1.13      0.41      1.14      0.36      1.72     86.18      1.02
        f[37,1]     -0.03      0.30     -0.04     -0.52      0.45     28.69      1.15
        f[37,2]     -0.46      0.63     -0.43     -1.50      0.60     13.68      1.02
        f[37,3]     -0.27      0.48     -0.26     -1.10      0.45     10.43      1.20
        f[37,4]     -0.82      0.28     -0.81     -1.26     -0.36     24.00      1.01
        f[37,5]      1.82      0.51      1.90      1.29      2.67     20.97      1.00
        f[37,6]      0.69      0.24      0.70      0.29      1.07     11.35      1.32
        f[37,7]     -0.32      0.20     -0.32     -0.64     -0.01     53.84      1.00
        f[37,8]      0.44      0.52      0.43     -0.37      1.26     38.72      1.00
        f[37,9]      0.30      0.35      0.31     -0.24      0.91     61.11      1.04
        f[38,0]      1.94      0.47      1.95      1.20      2.70     83.03      1.01
        f[38,1]      0.05      0.29      0.05     -0.41      0.54     41.22      1.05
        f[38,2]     -0.76      0.53     -0.75     -1.67      0.09     53.68      1.03
        f[38,3]     -0.52      0.46     -0.51     -1.25      0.23     18.45      1.13
        f[38,4]     -1.05      0.31     -1.03     -1.57     -0.59     21.09      1.00
        f[38,5]      1.64      0.51      1.71      0.94      2.42     33.89      1.04
        f[38,6]      0.61      0.23      0.62      0.25      0.99     16.08      1.24
        f[38,7]     -0.34      0.21     -0.33     -0.66      0.02     43.95      1.03
        f[38,8]     -1.40      0.61     -1.45     -2.42     -0.43     45.31      1.00
        f[38,9]      0.06      0.52      0.03     -0.78      0.92     10.29      1.04
        f[39,0]      2.55      0.51      2.57      1.75      3.32    113.47      1.00
        f[39,1]     -0.04      0.30     -0.04     -0.55      0.44     32.32      1.08
        f[39,2]     -1.63      0.53     -1.62     -2.46     -0.73     69.96      1.00
        f[39,3]      0.30      0.50      0.32     -0.54      1.08     42.43      1.02
        f[39,4]     -0.85      0.32     -0.85     -1.37     -0.36     21.89      1.00
        f[39,5]      1.25      0.61      1.33      0.41      2.18     27.57      1.03
        f[39,6]      1.29      0.29      1.28      0.81      1.77     15.64      1.22
        f[39,7]     -0.34      0.20     -0.34     -0.68     -0.03     63.12      1.00
        f[39,8]     -0.99      0.71     -1.05     -2.12      0.17     45.40      1.01
        f[39,9]      0.04      0.57      0.09     -0.89      0.91      7.01      1.37
        f[40,0]      0.69      0.67      0.78     -0.11      1.78     15.60      1.06
        f[40,1]      0.07      0.29      0.07     -0.44      0.53     39.58      1.13
        f[40,2]     -1.86      0.73     -1.85     -3.14     -0.71     41.84      1.01
        f[40,3]     -0.16      0.58     -0.20     -1.06      0.80      7.72      1.23
        f[40,4]     -1.24      0.29     -1.23     -1.74     -0.79     23.70      1.01
        f[40,5]      0.32      0.53      0.38     -0.51      1.19     28.86      1.00
        f[40,6]      2.70      0.40      2.67      2.08      3.40     17.22      1.17
        f[40,7]     -0.15      0.21     -0.15     -0.50      0.19     53.11      1.00
        f[40,8]      0.80      0.52      0.79      0.02      1.66     62.81      1.00
        f[40,9]      0.48      0.40      0.49     -0.17      1.14     32.24      1.12
        f[41,0]      1.35      0.67      1.43      0.61      2.45     22.59      1.02
        f[41,1]      0.03      0.31      0.03     -0.46      0.52     25.70      1.17
        f[41,2]     -1.57      0.69     -1.60     -2.77     -0.47     60.59      1.02
        f[41,3]      0.40      0.46      0.42     -0.39      1.12     43.16      1.00
        f[41,4]     -1.07      0.34     -1.07     -1.59     -0.48     20.68      1.00
        f[41,5]     -0.00      0.51      0.03     -0.77      0.87     44.30      1.00
        f[41,6]      2.98      0.41      2.96      2.38      3.72     22.05      1.12
        f[41,7]     -0.27      0.23     -0.27     -0.68      0.09     37.69      1.00
        f[41,8]     -0.17      0.60     -0.17     -1.16      0.82     36.83      1.01
        f[41,9]      0.25      0.64      0.38     -0.92      1.10      5.35      1.39
        f[42,0]      1.52      0.58      1.52      0.59      2.45     55.58      1.04
        f[42,1]      0.31      0.35      0.32     -0.27      0.88     18.15      1.10
        f[42,2]      0.51      0.74      0.49     -0.68      1.73     38.76      1.00
        f[42,3]      0.31      0.56      0.33     -0.58      1.24     14.59      1.14
        f[42,4]     -1.13      0.34     -1.13     -1.68     -0.56     18.38      1.00
        f[42,5]     -0.43      0.55     -0.38     -1.39      0.39     27.76      1.00
        f[42,6]      3.07      0.40      3.07      2.41      3.75     54.46      1.05
        f[42,7]     -0.38      0.25     -0.37     -0.78      0.04     21.69      1.03
        f[42,8]     -1.80      0.60     -1.84     -2.78     -0.84     48.18      1.06
        f[42,9]      0.52      0.68      0.69     -0.65      1.52      5.07      1.38
        f[43,0]      1.66      0.56      1.65      0.70      2.52     80.39      1.06
        f[43,1]      0.05      0.33      0.06     -0.43      0.62     29.77      1.08
        f[43,2]      4.46      0.89      4.52      3.04      5.83     31.16      1.03
        f[43,3]      0.40      0.55      0.43     -0.51      1.23     34.28      1.01
        f[43,4]     -1.06      0.33     -1.05     -1.63     -0.53     23.67      1.00
        f[43,5]     -0.54      0.66     -0.54     -1.49      0.66     37.71      1.02
        f[43,6]      3.07      0.53      3.07      2.19      3.91     53.22      1.00
        f[43,7]     -0.34      0.22     -0.34     -0.68      0.04     43.67      1.00
        f[43,8]     -0.16      0.85     -0.17     -1.49      1.33     33.87      1.03
        f[43,9]      0.41      0.72      0.57     -0.97      1.37      4.90      1.46
     kappa[0,0]     -0.50      0.04     -0.50     -0.58     -0.45     22.09      1.10
     kappa[0,1]     -0.46      0.04     -0.46     -0.54     -0.41     20.36      1.10
     kappa[0,2]     -0.44      0.05     -0.44     -0.51     -0.37     10.03      1.38
     kappa[0,3]     -0.47      0.04     -0.47     -0.54     -0.40     17.91      1.13
     kappa[0,4]     -0.49      0.04     -0.49     -0.57     -0.43     18.30      1.12
     kappa[0,5]     -0.33      0.04     -0.33     -0.40     -0.27     19.10      1.20
     kappa[0,6]     -0.47      0.04     -0.47     -0.55     -0.41     18.73      1.12
     kappa[0,7]     -0.50      0.04     -0.50     -0.57     -0.43     19.70      1.05
     kappa[0,8]     -0.44      0.04     -0.44     -0.51     -0.37     10.20      1.35
     kappa[0,9]     -0.21      0.09     -0.21     -0.37     -0.09      4.93      1.64
    kappa[0,10]     -0.63      0.06     -0.63     -0.72     -0.55     14.26      1.02
    kappa[0,11]     -0.62      0.05     -0.62     -0.71     -0.54     19.71      1.04
    kappa[0,12]     -0.32      0.04     -0.32     -0.40     -0.25     21.77      1.01
    kappa[0,13]     -0.57      0.06     -0.57     -0.68     -0.49      6.50      1.51
    kappa[0,14]     -0.49      0.06     -0.48     -0.59     -0.41      6.98      1.51
    kappa[0,15]     -0.27      0.04     -0.27     -0.34     -0.21     20.29      1.15
    kappa[0,16]     -0.28      0.05     -0.28     -0.37     -0.20     23.42      1.00
     kappa[1,0]     -0.55      0.06     -0.54     -0.65     -0.46      4.47      1.00
     kappa[1,1]     -0.55      0.06     -0.54     -0.66     -0.47      4.47      1.00
     kappa[1,2]     -0.56      0.06     -0.55     -0.67     -0.48      4.57      1.01
     kappa[1,3]     -0.51      0.06     -0.50     -0.61     -0.42      4.53      1.00
     kappa[1,4]     -0.52      0.06     -0.51     -0.62     -0.42      4.51      1.00
     kappa[1,5]     -0.48      0.06     -0.47     -0.59     -0.40      4.45      1.00
     kappa[1,6]     -0.52      0.06     -0.51     -0.62     -0.43      4.46      1.00
     kappa[1,7]     -0.53      0.06     -0.52     -0.63     -0.43      4.48      1.00
     kappa[1,8]     -0.51      0.06     -0.50     -0.61     -0.41      4.49      1.00
     kappa[1,9]     -0.46      0.06     -0.45     -0.57     -0.39      4.78      1.04
    kappa[1,10]     -0.60      0.07     -0.60     -0.72     -0.51      4.58      1.00
    kappa[1,11]     -0.53      0.07     -0.53     -0.63     -0.42      4.83      1.00
    kappa[1,12]     -0.38      0.07     -0.38     -0.47     -0.26      4.92      1.00
    kappa[1,13]     -0.54      0.06     -0.54     -0.64     -0.43      4.94      1.01
    kappa[1,14]     -0.52      0.06     -0.51     -0.62     -0.43      4.65      1.00
    kappa[1,15]     -0.46      0.06     -0.45     -0.55     -0.36      4.44      1.00
    kappa[1,16]     -0.46      0.06     -0.45     -0.57     -0.38      4.56      1.00
     kappa[2,0]      0.19      0.06      0.18      0.10      0.31      4.10      1.36
     kappa[2,1]      0.21      0.06      0.20      0.13      0.33      4.02      1.37
     kappa[2,2]      0.23      0.07      0.22      0.13      0.34      4.01      1.39
     kappa[2,3]      0.14      0.06      0.14      0.05      0.25      4.28      1.33
     kappa[2,4]      0.14      0.06      0.14      0.05      0.25      4.26      1.34
     kappa[2,5]      0.17      0.06      0.16      0.08      0.29      4.02      1.37
     kappa[2,6]      0.15      0.06      0.15      0.06      0.26      4.16      1.35
     kappa[2,7]      0.15      0.06      0.14      0.05      0.25      4.19      1.34
     kappa[2,8]      0.15      0.06      0.15      0.05      0.26      4.34      1.30
     kappa[2,9]      0.16      0.06      0.15      0.08      0.28      4.04      1.37
    kappa[2,10]      0.22      0.06      0.22      0.12      0.33      3.98      1.41
    kappa[2,11]      0.06      0.06      0.06     -0.06      0.15      4.93      1.26
    kappa[2,12]     -0.00      0.07     -0.01     -0.11      0.12      5.69      1.27
    kappa[2,13]      0.10      0.06      0.10     -0.01      0.20      4.57      1.29
    kappa[2,14]      0.11      0.06      0.10      0.00      0.21      4.44      1.33
    kappa[2,15]      0.17      0.06      0.16      0.08      0.28      4.13      1.34
    kappa[2,16]      0.20      0.07      0.19      0.11      0.32      4.03      1.42
      lambda[0]      0.50      0.17      0.50      0.21      0.77     81.80      1.00
      lambda[1]      0.34      0.16      0.32      0.09      0.58     64.91      1.06
      lambda[2]      0.41      0.17      0.39      0.12      0.67     64.27      1.01
      lambda[3]      0.25      0.13      0.22      0.07      0.45    101.55      1.01
      lambda[4]      0.61      0.15      0.62      0.39      0.87     69.39      1.00
      lambda[5]      0.55      0.17      0.55      0.27      0.84     61.58      1.00
      lambda[6]      0.70      0.14      0.72      0.50      0.93     73.03      1.01
      lambda[7]      0.56      0.16      0.57      0.34      0.86     63.13      1.00
      lambda[8]      0.39      0.17      0.38      0.12      0.63     66.13      1.05
      lambda[9]      0.31      0.16      0.27      0.07      0.57     62.42      1.01
         tau[0]      0.25      0.12      0.24      0.07      0.41     30.62      1.01
         tau[1]      0.39      0.13      0.38      0.17      0.59     31.90      1.00
         tau[2]      0.55      0.12      0.57      0.33      0.74     34.98      1.00
         tau[3]      0.21      0.09      0.21      0.07      0.34     43.31      1.01
         tau[4]      0.22      0.09      0.21      0.09      0.38     34.36      1.02
         tau[5]      0.38      0.13      0.38      0.16      0.57     38.91      1.01
         tau[6]      0.06      0.06      0.05      0.00      0.14     21.86      1.00
         tau[7]      0.24      0.09      0.23      0.08      0.38     43.46      1.00
         tau[8]      0.37      0.13      0.36      0.15      0.55     45.13      1.01
         tau[9]      0.66      0.12      0.67      0.47      0.86     35.57      1.03
        tau[10]      0.64      0.12      0.65      0.44      0.82     33.46      1.00
        tau[11]      0.61      0.13      0.61      0.39      0.81     38.44      1.00
        tau[12]      0.74      0.09      0.75      0.60      0.89     32.56      1.02
        tau[13]      0.62      0.12      0.63      0.43      0.80     40.69      1.00
        tau[14]      0.59      0.12      0.60      0.41      0.78     41.22      1.00
        tau[15]      0.48      0.12      0.48      0.29      0.68     36.35      1.00
        tau[16]      0.70      0.11      0.71      0.52      0.89     39.40      1.00

Number of divergences: 5
